0.8292222626421673
-0.9648595977736978
0.7983762144849273
-1.0473829784158954
0.8850602326610626
-0.5177935789894617
0.9859843290391721
0.5463086827451455
-0.284704036543322
-0.9824458650973265
0.48657062111950156
0.6252422006665086
-0.4493945080217543
-0.5843991821522079
-0.42282159549553955
2.2650607654151846
-0.6105006927923804
-0.597045509075707
-2.54185293336683
0.8398167230096385
0.6856860673546809
-0.42852466988642735
-0.15774122534650004
0.3653434285286923
-0.6270014995100226
0.6520346401767407
0.46916775126424715
0.07213837389156375
-0.0641283297012527
-0.23667081723236172
0.5698210564104533
0.6864546249278953
0.9247915109026028
-1.930342647729126
-0.18161502645498606
0.6279427552816961
-0.6267701090411788
-0.6456553703595624
-0.19173412373914211
1.5426234244377064
0.999454308832068
-0.43969680153152524
-0.23107887603359312
0.9541602323413466
-1.1313336286650606
0.926288327239237
0.9555503273444881
0.20812710767736586
-0.5863277842325458
0.4305694428847717
0.6976305299874668
-0.8944268624711048
0.26071267360619377
-0.9082296612437066
0.8612996874238965
-0.1776985189596587
-0.7567360759678039
0.2662946378333304
0.43572917181866555
0.3610748386406495
-0.9894412696705337
-0.7186974200235443
-0.0132994619955481
-0.3880330521936297
-0.7290493323030725
0.46541581765517026
0.21384911028616105
0.19704387246731359
-0.21529377669845906
1.9403957107555525
0.8949736264944359
0.8725051310312797
0.3219790666368192
0.5126384955032377
-0.8209913191748235
0.5497356086259518
0.982522589921464
1.8211340426088736
-0.396958999185945
-0.8626064429184588
0.24594841012316704
0.6059720942481082
-0.9039737485501869
2.045440345316191
-0.7133184097954743
-0.9793240992549181
0.9227543548938766
-0.922232850657752
0.5676497953062409
0.08702822663038279
0.37407557716996287
-0.14245995129234945
0.832625809474993
0.15085278291597182
0.2826684703527482
0.6963000973283986
0.5434525998749413
0.5174481199500802
0.5070582818953027
-0.08816457350414009
-1.1032559927828163
0.19982895472852738
-0.015080807318989864
-0.2648026405085113
-0.6480409950719273
0.12078292966216894
-0.4711489232971858
-0.10940113908361204
0.017978582072922633
0.3599530177129592
-1.3021743554153202
0.9287583206348828
0.14130761405267278
-0.5153256436933487
0.9802453869577472
0.28358361664025256
0.8046207076500624
-0.5511922114455243
-0.3806192398304371
0.06640688024332908
-2.077242709825019
0.8279646529941909
1.0494923276225465
-0.3045773421151329
-0.11612530085779338
-0.8208352261838585
-0.8607411502704869
0.9011321718676237
-0.9307746950175302
0.7692083457177592
-0.7543482740255529
0.7441606981547426
-0.9488662272112811
0.2604746013408934
-2.4376799966385336
-0.2541917004325285
-1.2571056033732078
1.029665708049159
-0.007011336244605593
-0.34171696102052107
-0.35267028780676624
-0.03344886391192903
0.6872782526358074
-0.6484746068135958
0.519136859131204
0.7425866778318309
-0.10825094980078709
0.2901010991611159
0.8642737805223446
-0.7801140078917015
-0.06715947288132074
0.7655623503009248
0.1999466425427463
0.4765792386490022
1.7809502859387831
0.3205941454128287
0.2956975753788569
-0.9849285369234932
-0.4624158285193847
-0.6551172744107499
-0.7102637549291124
0.6909271649074495
-0.5790113940750916
-0.419896387663488
0.6158567478840218
0.09859036803778465
0.6366234960632668
-0.2966352156638916
0.02936639345262304
0.3107781421718885
-0.37967022254427163
-0.8042613469777755
0.6411892856583585
0.40389324380256264
-0.110192069394633
0.26111870102562307
-0.6511226488770121
-0.03829207694085324
0.9251715688703199
2.2270760809440127
-0.4897344424832777
-0.029275090488122713
-0.857663283703459
0.15695058563384445
0.5717111073616129
-0.4741453543862646
-0.3222501403470317
-0.30747988861986064
0.018618539020732294
0.3463542443196328
-0.45700179824604237
-0.7923500979698288
-0.2014185561758326
0.04546437407843973
-0.2278875274980161
-0.7226002272801679
-0.5807218239968295
0.8326168805444008
0.03169977287522796
0.464369556308861
-0.13050800971275045
0.7072908536141924
0.24637998238448566
-1.0253146106206366
-0.5685141298924552
0.20020933816016628
-0.029797787326693248
0.8922686534617779
0.5417817276740331
-0.1824888617996241
-0.6439004126931067
0.32461803297539427
0.39549281054245267
0.1376157786390435
-0.03284010908642925
0.6103208988265003
-0.29344189248362396
0.7009543803539993
0.8190646567522886
0.1089599055842474
-0.7779633357711031
-0.8942559120483458
0.9282360095112376
1.229974339293145
-0.8411471158141728
-0.9360261410130661
0.4335516482253786
-0.7755131765395189
-0.4192516943960445
0.07411832262526952
-0.8992854690111856
-0.33298530713252994
-0.5647273418536214
0.9201826186175237
0.8863526600029643
0.5333541095183345
0.45924067578936567
-0.7462871217617911
0.43453413092473525
0.24139872609534008
0.3398851214965146
-0.5050316845856784
0.8405085203945017
0.49524947775346373
0.6967061605052296
-0.00195495401017598
0.04038369468165981
-0.6654342456485867
0.23583925639775094
-0.5795387718941427
-0.6614359558285619
-0.7278445748982347
0.2251505173873527
-0.7522047777941976
-0.8858810867341056
-0.8046404660260025
-0.14387732794307673
-0.39879914814669515
0.9370929827689014
0.8650771946459375
-0.6038689423586476
0.8229515196074724
-0.6030905553189607
0.8852414915372875
0.8987075455732179